Player	Age	FG	FGA	FT	FTA
ARCHIBALD	22	486	1095	336	444
ARCHIBALD	23	734	1511	677	824
ARCHIBALD	24	1028	2106	663	783
ARCHIBALD	25	222	492	173	211
ARCHIBALD	26	759	1664	652	748
ARCHIBALD	27	717	1583	501	625
ARCHIBALD	28	250	560	197	251
ARCHIBALD	30	259	573	242	307
ARCHIBALD	31	383	794	361	435
ARCHIBALD	32	382	766	342	419
ARCHIBALD	33	308	652	236	316
ARCHIBALD	34	235	553	220	296
ARCHIBALD	35	136	279	64	101
BILLIPS	21	560	1498	452	532
BILLIPS	22	191	495	157	172
BILLIPS	23	34	101	37	44
BILLIPS	24	248	587	144	171
BILLIPS	25	348	823	207	234
BILLIPS	26	366	870	318	362
BILLIPS	27	392	996	404	460
BILLIPS	28	404	913	343	382
BILLIPS	29	423	1012	465	520
BILLIPS	30	348	815	386	437
BILLIPS	31	393	877	401	437
BILLIPS	32	820	1960	836	916
BILLIPS	33	402	962	466	512
BILLIPS	34	678	1588	768	838
BILLIPS	35	83	228	85	95
BILLIPS	36	53	132	45	48
BILLIPS	37	24	79	10	12
COUSY	22	401	1138	276	365
COUSY	23	512	1388	409	506
COUSY	24	464	1320	479	587
COUSY	25	486	1262	411	522
COUSY	26	522	1316	460	570
COUSY	27	440	1223	476	564
COUSY	28	478	1264	363	442
COUSY	29	445	1262	277	326
COUSY	30	484	1260	329	385
COUSY	31	568	1481	319	403
COUSY	32	513	1382	352	452
COUSY	33	462	1181	251	333
COUSY	34	392	988	219	298
COUSY	41	1	3	3	3
FRAZIER	22	256	568	154	235
FRAZIER	23	531	1052	341	457
FRAZIER	24	600	1158	409	547
FRAZIER	25	651	1317	434	557
FRAZIER	26	669	1307	450	557
FRAZIER	27	681	1389	286	350
FRAZIER	28	674	1429	295	352
FRAZIER	29	672	1391	331	400
FRAZIER	30	470	969	186	226
FRAZIER	31	532	1089	259	336
FRAZIER	32	336	714	153	180
FRAZIER	33	54	122	21	27
FRAZIER	34	4	11	2	2
HARDAWAY	22	509	1092	245	330
HARDAWAY	23	1049	2127	567	739
HARDAWAY	24	1362	2766	751	961
HARDAWAY	25	1155	2533	581	734
HARDAWAY	26	625	1441	363	485
HARDAWAY	27	301	717	149	211
HARDAWAY	28	808	1805	445	574
HARDAWAY	29	853	2020	489	621
HARDAWAY	30	964	2315	449	559
HARDAWAY	31	814	1869	334	426
HARDAWAY	32	859	2110	343	425
HARDAWAY	33	356	898	144	179
HARDAWAY	34	412	1056	147	183
HARDAWAY	35	452	1240	154	194
HARDAWAY	36	40	109	10	13
IVERSON	21	625	1504	382	544
IVERSON	22	649	1407	390	535
IVERSON	23	435	1056	356	474
IVERSON	24	729	1733	442	620
IVERSON	25	762	1813	585	719
IVERSON	26	665	1669	475	585
IVERSON	27	804	1940	570	736
IVERSON	28	435	1125	339	455
IVERSON	29	771	1818	656	786
IVERSON	30	815	1822	675	829
IVERSON	31	1162	2626	970	1220
IVERSON	32	712	1556	645	797
IVERSON	33	696	1668	542	694
IVERSON	34	272	632	208	262
JOHNSON	20	503	949	374	462
JOHNSON	21	862	1779	525	647
JOHNSON	22	1411	2730	1016	1296
JOHNSON	23	1456	2973	1102	1384
JOHNSON	24	1514	3035	1115	1366
JOHNSON	25	1617	3385	1219	1506
JOHNSON	26	1297	2703	1015	1211
JOHNSON	27	1737	3516	1314	1590
JOHNSON	28	1134	2380	943	1147
JOHNSON	29	1305	2689	1136	1291
JOHNSON	30	1480	3094	1267	1458
JOHNSON	31	1103	2383	924	1056
JOHNSON	32	423	953	209	251
JOHNSON	33	368	831	262	305
JOHNSON	34	277	638	160	195
JOHNSON	35	206	475	118	140
JOHNSON	36	137	294	172	201
KIDD	21	330	857	192	275
KIDD	22	493	1293	229	331
KIDD	23	426	1058	224	330
KIDD	24	357	859	167	209
KIDD	25	310	698	181	239
KIDD	26	350	855	203	245
KIDD	27	451	1097	328	403
KIDD	28	445	1138	201	247
KIDD	29	515	1244	339	403
KIDD	30	368	959	206	249
KIDD	31	340	855	142	192
KIDD	32	366	905	194	244
KIDD	33	369	908	179	230
KIDD	34	610	1586	270	330
KIDD	35	257	618	86	105
KIDD	36	284	671	80	99
KIDD	37	215	596	67	77
KIDD	38	99	273	22	28
KIDD	39	152	409	40	48
NASH	22	74	175	42	51
NASH	23	268	584	74	86
NASH	24	114	314	38	46
NASH	25	173	363	75	85
NASH	26	386	792	231	258
NASH	27	525	1088	260	293
NASH	28	518	1114	308	339
NASH	29	397	845	230	251
NASH	30	430	857	211	238
NASH	31	541	1056	257	279
NASH	32	517	971	222	247
NASH	33	485	962	222	245
NASH	34	428	851	196	210
NASH	35	499	985	211	225
NASH	36	399	811	227	249
NASH	37	295	555	127	142
NASH	38	236	475	107	116
NASH	39	36	94	22	24
PAYTON	22	259	575	69	97
PAYTON	23	331	734	99	148
PAYTON	24	476	963	151	196
PAYTON	25	584	1159	166	279
PAYTON	26	685	1345	249	348
PAYTON	27	618	1276	229	306
PAYTON	28	706	1482	254	355
PAYTON	29	579	1278	279	375
PAYTON	30	401	923	199	276
PAYTON	31	747	1666	311	423
PAYTON	32	725	1591	271	354
PAYTON	33	737	1578	267	335
PAYTON	34	1330	2932	500	704
PAYTON	35	482	1024	180	252
PAYTON	36	339	725	153	201
PAYTON	37	230	547	100	126
PAYTON	38	144	366	38	57
PRICE	22	173	424	95	114
PRICE	23	493	974	221	252
PRICE	24	529	1006	263	292
PRICE	25	489	1066	300	338
PRICE	26	97	195	59	62
PRICE	27	438	897	270	285
PRICE	28	477	986	289	305
PRICE	29	480	1005	238	268
PRICE	30	253	612	148	162
PRICE	31	18	60	10	10
PRICE	32	263	589	155	171
PRICE	33	229	531	87	103
ROBERTSON	22	756	1600	653	794
ROBERTSON	23	866	1810	700	872
ROBERTSON	24	825	1593	614	758
ROBERTSON	25	840	1740	800	938
ROBERTSON	26	807	1681	665	793
ROBERTSON	27	818	1723	742	881
ROBERTSON	28	838	1699	736	843
ROBERTSON	29	660	1321	576	660
ROBERTSON	30	656	1351	643	767
ROBERTSON	31	647	1267	454	561
ROBERTSON	32	592	1193	385	453
ROBERTSON	33	419	887	276	330
ROBERTSON	34	446	983	238	281
ROBERTSON	35	338	772	212	254
STOCKTON	22	157	333	142	193
STOCKTON	23	228	466	172	205
STOCKTON	24	231	463	179	229
STOCKTON	25	454	791	272	324
STOCKTON	26	497	923	390	452
STOCKTON	27	472	918	354	432
STOCKTON	28	496	978	363	434
STOCKTON	29	453	939	308	366
STOCKTON	30	437	899	293	367
STOCKTON	31	458	868	272	338
STOCKTON	32	429	791	246	306
STOCKTON	33	440	818	234	282
STOCKTON	34	416	759	275	325
STOCKTON	35	270	511	191	231
STOCKTON	36	200	410	137	169
STOCKTON	37	363	725	221	257
STOCKTON	38	328	651	227	278
STOCKTON	39	401	775	275	321
STOCKTON	40	309	640	237	287
THOMAS	20	453	1068	302	429
THOMAS	21	725	1537	368	518
THOMAS	22	669	1448	388	529
THOMAS	23	646	1410	399	493
THOMAS	24	609	1248	365	462
THOMAS	25	626	1353	400	521
THOMAS	26	621	1341	305	394
THOMAS	27	569	1227	287	351
THOMAS	28	579	1322	292	377
THOMAS	29	289	665	179	229
THOMAS	30	564	1264	292	378
THOMAS	31	526	1258	278	377
THOMAS	32	318	763	181	258
WILKINS	23	333	783	214	300
WILKINS	24	140	364	84	110
WILKINS	25	333	834	222	319
WILKINS	26	334	808	270	365
WILKINS	27	434	1048	416	558
WILKINS	28	411	954	422	532
WILKINS	29	448	1036	459	583
WILKINS	30	546	1246	546	711
WILKINS	31	644	1462	547	710
WILKINS	32	448	1066	438	556
WILKINS	33	471	1125	461	574
WILKINS	34	479	1027	480	620
WILKINS	35	572	1275	394	476
WILKINS	36	462	994	289	361
WILKINS	37	134	305	152	198